TECHNOLOGIES	 c_inv	 c_maint	 lifetime	  f_min	 f	 f_max	 fmin_perc	f_perc	 fmax_perc	 c_p	 c_p_max	 tau	 gwp_constr
 UNITS	[M€/GW]	 [M€/GW/y]	 [y]	 [GW or GWh]	 [GW or GWh]	 [GW or GWh]	 [0-1]	 [0-1]	 [0-1]	 [0-1]	 [0-1]	 [-]	 [ktCO2-eq./GW or GWh] 
NUCLEAR	0.000000	0.000000	60.000000	0.000000	0.000000	0.000000	0.000000	0.000000	1.000000	0.000000	0.849000	0.025393	0.000000
CCGT	0.001508	0.000038	25.000000	0.000000	0.000002	Infinity	0.000000	0.000000	1.000000	0.002870	0.961540	0.048263	0.000369
CCGT_AMMONIA	0.012258	0.000310	25.000000	0.000000	0.000016	Infinity	0.000000	0.000001	1.000000	0.101577	0.630000	0.048263	0.003000
COAL_US	0.000000	0.000000	35.000000	0.000000	0.000000	0.000000	0.000000	0.000000	1.000000	0.000000	0.868000	0.036934	0.000000
COAL_IGCC	0.000000	0.000000	35.000000	0.000000	0.000000	0.000000	0.000000	0.000000	1.000000	0.000000	0.856000	0.036934	0.000000
PV	37809.860594	431.792218	25.000000	0.000000	59.174991	59.200000	0.000000	0.587811	1.000000	0.117567	1.000000	0.048263	123168.601825
WIND_ONSHORE	9788.199999	113.845000	30.000000	0.000000	10.000000	10.000000	0.000000	0.202248	1.000000	0.239370	1.000000	0.041639	6228.499999
WIND_OFFSHORE	27919.199994	194.247600	30.000000	0.000000	6.000000	6.000000	0.000000	0.205340	1.000000	0.405048	1.000000	0.041639	3737.099999
HYDRO_RIVER	580.165796	5.801152	40.000000	0.000000	0.115000	0.115000	0.000000	0.004600	1.000000	0.473468	1.000000	0.033427	145.224299
GEOTHERMAL	0.000000	0.000000	30.000000	0.000000	0.000000	0.000000	0.000000	0.000000	1.000000	0.000000	0.950000	0.041639	0.000000
IND_COGEN_GAS	5160.919060	331.737793	25.000000	0.000000	3.940234	Infinity	0.000000	0.483779	1.000000	0.748356	0.850000	0.048263	4036.060934
IND_COGEN_WOOD	0.001287	0.000047	25.000000	0.000000	0.000001	Infinity	0.000000	0.000000	1.000000	0.001905	0.850000	0.048263	0.000212
IND_COGEN_WASTE	0.000000	0.000000	25.000000	0.000000	0.000000	Infinity	0.000000	0.000000	1.000000	0.000000	0.850000	0.048263	0.000000
IND_BOILER_GAS	80.819549	1.619259	17.000000	0.000000	1.372382	Infinity	0.000000	0.146117	1.000000	0.648945	0.950000	0.067080	16.907741
IND_BOILER_WOOD	133.805718	2.676103	17.000000	0.000000	1.161710	Infinity	0.000000	0.152998	1.000000	0.802732	0.900000	0.067080	33.538558
IND_BOILER_OIL	0.000849	0.000018	17.000000	0.000000	0.000015	Infinity	0.000000	0.000000	1.000000	0.001661	0.950000	0.067080	0.000191
IND_BOILER_COAL	0.000000	0.000000	17.000000	0.000000	0.000000	Infinity	0.000000	0.000000	1.000000	0.000000	0.900000	0.067080	0.000000
IND_BOILER_WASTE	0.000000	0.000000	17.000000	0.000000	0.000000	Infinity	0.000000	0.000000	1.000000	0.000000	0.900000	0.067080	0.000000
IND_DIRECT_ELEC	5298.471487	24.036031	15.000000	0.000000	15.942924	Infinity	0.000000	0.217107	1.000000	0.083002	0.950000	0.074944	23.436099
DHN_HP_ELEC	2131.164123	72.265631	25.000000	0.000000	6.706414	Infinity	0.000000	1.000000	1.000000	0.667925	0.950000	0.048263	1172.214038
DHN_COGEN_GAS	0.001102	0.000032	25.000000	0.000000	0.000001	Infinity	0.000000	0.000000	1.000000	0.001177	0.850000	0.048263	0.000463
DHN_COGEN_WOOD	0.000919	0.000034	25.000000	0.000000	0.000001	Infinity	0.000000	0.000000	1.000000	0.000645	0.850000	0.048263	0.000151
DHN_COGEN_WASTE	0.000000	0.000000	25.000000	0.000000	0.000000	Infinity	0.000000	0.000000	1.000000	0.000000	0.850000	0.048263	0.000000
DHN_COGEN_WET_BIOMASS	0.000924	0.000075	25.000000	0.000000	0.000001	Infinity	0.000000	0.000000	1.000000	0.000668	0.750000	0.048263	0.000740
DHN_COGEN_BIO_HYDROLYSIS	0.001879	0.000092	15.000000	0.000000	0.000000	Infinity	0.000000	0.000000	1.000000	0.002941	0.850000	0.074944	0.000288
DHN_BOILER_GAS	0.000181	0.000004	17.000000	0.000000	0.000003	Infinity	0.000000	0.000000	1.000000	0.000994	0.950000	0.067080	0.000038
DHN_BOILER_WOOD	0.000331	0.000007	17.000000	0.000000	0.000003	Infinity	0.000000	0.000000	1.000000	0.000995	0.900000	0.067080	0.000083
DHN_BOILER_OIL	0.000167	0.000004	17.000000	0.000000	0.000003	Infinity	0.000000	0.000000	1.000000	0.000632	0.950000	0.067080	0.000037
DHN_DEEP_GEO	0.000000	0.000000	30.000000	0.000000	0.000000	0.000000	0.000000	0.000000	1.000000	0.000000	0.850000	0.041639	0.000000
DHN_SOLAR	0.000324	0.000000	30.000000	0.000000	0.000001	Infinity	0.000000	0.000000	1.000000	0.000411	1.000000	0.041639	0.000206
DEC_HP_ELEC	7666.257994	319.644063	18.000000	0.000000	16.903530	Infinity	0.000000	1.000000	1.000000	0.433144	1.000000	0.063806	2787.223074
DEC_THHP_GAS	0.002071	0.000061	20.000000	0.000000	0.000007	Infinity	0.000000	0.000000	1.000000	0.007347	1.000000	0.058246	0.002718
DEC_COGEN_GAS	0.001566	0.000101	20.000000	0.000000	0.000001	Infinity	0.000000	0.000000	1.000000	0.001507	1.000000	0.058246	0.001224
DEC_COGEN_OIL	0.001443	0.000089	20.000000	0.000000	0.000001	Infinity	0.000000	0.000000	1.000000	0.000645	1.000000	0.058246	0.001217
DEC_ADVCOGEN_GAS	0.002772	0.000052	20.000000	0.000000	0.000000	Infinity	0.000000	0.000000	1.000000	0.000890	1.000000	0.058246	0.001076
DEC_ADVCOGEN_H2	0.002837	0.000053	20.000000	0.000000	0.000001	Infinity	0.000000	0.000000	1.000000	0.001000	1.000000	0.058246	0.001101
DEC_BOILER_GAS	0.001585	0.000048	17.000000	0.000000	0.000010	Infinity	0.000000	0.000000	1.000000	0.001442	1.000000	0.067080	0.000211
DEC_BOILER_WOOD	0.001631	0.000057	17.000000	0.000000	0.000004	Infinity	0.000000	0.000000	1.000000	0.001298	1.000000	0.067080	0.000074
DEC_BOILER_OIL	0.001231	0.000074	17.000000	0.000000	0.000009	Infinity	0.000000	0.000000	1.000000	0.000848	1.000000	0.067080	0.000182
DEC_SOLAR	0.006710	0.000074	20.000000	0.000000	0.000010	Infinity	0.000000	0.000000	1.000000	0.004629	1.000000	0.058246	0.002155
DEC_DIRECT_ELEC	0.001703	0.000007	15.000000	0.000000	0.000045	Infinity	0.000000	0.000000	1.000000	0.001215	1.000000	0.074944	0.000066
TRAMWAY_TROLLEY	2095.879996	41.917600	30.000000	0.000000	3.353408	Infinity	0.000000	0.300000	0.300000	0.342470	0.342470	0.041639	0.000000
BUS_COACH_DIESEL	0.001450	0.000070	15.000000	0.000000	0.000002	Infinity	0.000000	0.000000	1.000000	0.007007	0.296800	0.074944	0.000000
BUS_COACH_HYDIESEL	0.001280	0.000050	15.000000	0.000000	0.000001	Infinity	0.000000	0.000000	1.000000	0.004674	0.296800	0.074944	0.000000
BUS_COACH_CNG_STOICH	1619.888443	78.821363	15.000000	0.000000	2.579605	Infinity	0.000000	0.200000	1.000000	0.296800	0.296800	0.074944	0.000000
BUS_COACH_FC_HYBRIDH2	0.001452	0.000043	15.000000	0.000000	0.000001	Infinity	0.000000	0.000000	1.000000	0.004629	0.296800	0.074944	0.000000
TRAIN_PUB	10479.609080	378.212141	40.000000	0.000000	6.958479	Infinity	0.000000	0.500000	0.500000	0.275070	0.275070	0.033427	0.000000
CAR_GASOLINE	0.000135	0.000007	10.000000	0.000000	0.000000	Infinity	0.000000	0.000000	1.000000	0.000210	0.051370	0.108434	0.000000
CAR_DIESEL	0.000092	0.000005	10.000000	0.000000	0.000000	Infinity	0.000000	0.000000	1.000000	0.000100	0.051370	0.108434	0.000000
CAR_NG	0.000286	0.000016	10.000000	0.000000	0.000001	Infinity	0.000000	0.000000	1.000000	0.000455	0.051370	0.108434	0.000000
CAR_METHANOL	0.000076	0.000004	10.000000	0.000000	0.000000	Infinity	0.000000	0.000000	1.000000	0.000069	0.051370	0.108434	0.000000
CAR_HEV	0.000102	0.000008	10.000000	0.000000	0.000000	Infinity	0.000000	0.000000	1.000000	0.000182	0.051370	0.108434	0.000000
CAR_PHEV	0.045001	0.003315	10.000000	0.000000	0.000097	Infinity	0.000000	0.000000	1.000000	0.031685	0.051370	0.108434	0.000000
CAR_BEV	116248.784833	2803.404752	10.000000	0.000000	280.340475	Infinity	0.000000	1.000000	1.000000	0.051370	0.051370	0.108434	0.000000
CAR_FUEL_CELL	0.000197	0.000003	10.000000	0.000000	0.000000	Infinity	0.000000	0.000000	1.000000	0.000391	0.051370	0.108434	0.000000
TRAIN_FREIGHT	682.026669	13.639946	40.000000	0.000000	6.531571	Infinity	0.000000	1.000000	1.000000	0.342470	0.342470	0.033427	0.000000
BOAT_FREIGHT_DIESEL	1857.524521	89.806373	40.000000	0.000000	23.512969	Infinity	0.000000	1.000000	1.000000	0.114160	0.114160	0.033427	0.000000
BOAT_FREIGHT_NG	0.000081	0.000004	40.000000	0.000000	0.000001	Infinity	0.000000	0.000000	1.000000	0.001231	0.114160	0.033427	0.000000
BOAT_FREIGHT_METHANOL	0.000047	0.000002	40.000000	0.000000	0.000001	Infinity	0.000000	0.000000	1.000000	0.000724	0.114160	0.033427	0.000000
TRUCK_DIESEL	0.000020	0.000001	15.000000	0.000000	0.000000	Infinity	0.000000	0.000000	1.000000	0.000058	0.092590	0.074944	0.000000
TRUCK_METHANOL	0.000298	0.000014	15.000000	0.000000	0.000001	Infinity	0.000000	0.000000	1.000000	0.000739	0.092590	0.074944	0.000000
TRUCK_FUEL_CELL	17604.403273	524.731500	15.000000	0.000000	43.485916	Infinity	0.000000	1.000000	1.000000	0.092590	0.092590	0.074944	0.000000
TRUCK_ELEC	0.000014	0.000000	15.000000	0.000000	0.000000	Infinity	0.000000	0.000000	1.000000	0.000068	0.092590	0.074944	0.000000
TRUCK_NG	0.000014	0.000001	15.000000	0.000000	0.000000	Infinity	0.000000	0.000000	1.000000	0.000056	0.092590	0.074944	0.000000
HABER_BOSCH	0.001223	0.000024	20.000000	0.000000	0.000002	Infinity	0.000000	1.000000	1.000000	0.001254	1.000000	0.058246	0.000000
SYN_METHANOLATION	0.001347	0.000038	20.000000	0.000000	0.000001	Infinity	0.000000	0.481159	1.000000	0.002475	0.950000	0.058246	0.000000
METHANE_TO_METHANOL	0.001043	0.000046	25.000000	0.000000	0.000002	Infinity	0.000000	0.253754	1.000000	0.001305	0.850000	0.048263	0.000000
BIOMASS_TO_METHANOL	0.001478	0.000023	20.000000	0.000000	0.000001	Infinity	0.000000	0.265087	1.000000	0.001364	1.000000	0.058246	0.000000
OIL_TO_HVC	0.001107	0.000006	15.000000	0.000000	0.000003	Infinity	0.000000	0.000000	1.000000	0.001001	1.000000	0.074944	0.000000
GAS_TO_HVC	0.001173	0.000029	25.000000	0.000000	0.000002	Infinity	0.000000	0.000000	1.000000	0.000477	1.000000	0.048263	0.000000
BIOMASS_TO_HVC	0.001203	0.000036	20.000000	0.000000	0.000001	Infinity	0.000000	0.000000	1.000000	0.000974	1.000000	0.058246	0.000000
METHANOL_TO_HVC	2930.643622	263.756563	20.000000	0.000000	4.543634	Infinity	0.000000	1.000000	1.000000	1.000000	1.000000	0.058246	0.000000
PHS	382.177227	0.000000	50.000000	5.000000	6.499613	6.500000	0.000000	-1.000000	1.000000	0.008676	1.000000	0.028572	
BATT_LI	1931.210675	2.985697	15.000000	0.000000	12.327401	Infinity	0.000000	-1.000000	1.000000	0.020757	1.000000	0.074944	
BEV_BATT	0.000000	0.000000	1.000000	0.000000	278.115551	Infinity	0.000000	-1.000000	1.000000	0.003625	1.000000	1.015000	
PHEV_BATT	0.000000	0.000000	1.000000	0.000000	0.000019	Infinity	0.000000	-1.000000	1.000000	0.001372	1.000000	1.015000	
TS_DEC_DIRECT_ELEC	0.004031	0.000028	20.000000	0.000000	0.000212	Infinity	0.000000	-1.000000	1.000000	0.000689	1.000000	0.058246	
TS_DEC_HP_ELEC	1025.109864	7.176309	20.000000	0.000000	54.038475	Infinity	0.000000	-1.000000	1.000000	0.029818	1.000000	0.058246	
TS_DEC_THHP_GAS	0.004033	0.000028	20.000000	0.000000	0.000213	Infinity	0.000000	-1.000000	1.000000	0.001103	1.000000	0.058246	
TS_DEC_COGEN_GAS	0.004025	0.000028	20.000000	0.000000	0.000212	Infinity	0.000000	-1.000000	1.000000	0.000635	1.000000	0.058246	
TS_DEC_COGEN_OIL	0.004018	0.000028	20.000000	0.000000	0.000212	Infinity	0.000000	-1.000000	1.000000	0.000496	1.000000	0.058246	
TS_DEC_ADVCOGEN_GAS	0.004007	0.000028	20.000000	0.000000	0.000211	Infinity	0.000000	-1.000000	1.000000	0.000569	1.000000	0.058246	
TS_DEC_ADVCOGEN_H2	0.004026	0.000028	20.000000	0.000000	0.000212	Infinity	0.000000	-1.000000	1.000000	0.000621	1.000000	0.058246	
TS_DEC_BOILER_GAS	0.004028	0.000028	20.000000	0.000000	0.000212	Infinity	0.000000	-1.000000	1.000000	0.000648	1.000000	0.058246	
TS_DEC_BOILER_WOOD	0.004027	0.000028	20.000000	0.000000	0.000212	Infinity	0.000000	-1.000000	1.000000	0.000612	1.000000	0.058246	
TS_DEC_BOILER_OIL	0.004023	0.000028	20.000000	0.000000	0.000212	Infinity	0.000000	-1.000000	1.000000	0.000568	1.000000	0.058246	
TS_DHN_DAILY	0.009302	0.000027	40.000000	0.000000	0.003101	Infinity	0.000000	-1.000000	1.000000	0.000979	1.000000	0.033427	
TS_DHN_SEASONAL	445.598450	2.425084	25.000000	0.000000	856.920096	Infinity	0.000000	-1.000000	1.000000	0.001633	1.000000	0.048263	
TS_HIGH_TEMP	2092.001509	22.390312	25.000000	0.000000	74.634374	Infinity	0.000000	-1.000000	1.000000	0.011915	1.000000	0.048263	
GAS_STORAGE	748.053273	19.598996	50.000000	0.000000	14961.065460	Infinity	0.000000	-1.000000	1.000000	0.000104	1.000000	0.028572	
H2_STORAGE	0.024891	0.001568	20.000000	0.000000	0.004021	Infinity	0.000000	-1.000000	1.000000	0.000062	1.000000	0.058246	
DIESEL_STORAGE	0.018270	0.000731	20.000000	0.000000	1.827044	Infinity	0.000000	-1.000000	1.000000	0.000050	1.000000	0.058246	
GASOLINE_STORAGE	0.018375	0.000735	20.000000	0.000000	1.837490	Infinity	0.000000	-1.000000	1.000000	0.000000	1.000000	0.058246	
LFO_STORAGE	0.018480	0.000739	20.000000	0.000000	1.848009	Infinity	0.000000	-1.000000	1.000000	0.000000	1.000000	0.058246	
AMMONIA_STORAGE	0.018330	0.000733	20.000000	0.000000	1.833006	Infinity	0.000000	-1.000000	1.000000	0.000038	1.000000	0.058246	
METHANOL_STORAGE	0.018494	0.000740	20.000000	0.000000	1.849388	Infinity	0.000000	-1.000000	1.000000	0.000116	1.000000	0.058246	
CO2_STORAGE	0.064172	0.000642	30.000000	0.000000	0.001296	Infinity	0.000000	-1.000000	1.000000	0.000011	1.000000	0.041639	
EFFICIENCY	5517.241379	0.000000	1.000000	0.000000	0.985222	Infinity	0.000000	-1.000000	1.000000	0.000000	1.000000	1.015000	
DHN	5538.704973	0.000000	60.000000	0.000000	6.706428	Infinity	0.000000	-1.000000	1.000000	0.000000	1.000000	0.025393	
GRID	102568.421743	0.000000	80.000000	0.000000	1.369056	Infinity	0.000000	-1.000000	1.000000	0.000000	1.000000	0.021548	
H2_ELECTROLYSIS	0.002702	0.000074	15.000000	0.000000	0.000005	Infinity	0.000000	-1.000000	1.000000	0.004319	0.900000	0.074944	
SMR	0.000768	0.000071	25.000000	0.000000	0.000001	Infinity	0.000000	-1.000000	1.000000	0.001454	0.860000	0.048263	
H2_BIOMASS	0.000886	0.000062	25.000000	0.000000	0.000001	Infinity	0.000000	-1.000000	1.000000	0.000531	0.860000	0.048263	
GASIFICATION_SNG	0.001060	0.000075	25.000000	0.000000	0.000000	Infinity	0.000000	-1.000000	1.000000	0.001294	0.850000	0.048263	
SYN_METHANATION	0.000394	0.000101	40.000000	0.000000	0.000002	Infinity	0.000000	-1.000000	1.000000	0.006263	1.000000	0.033427	
BIOMETHANATION	0.001510	0.000021	20.000000	0.000000	0.000002	Infinity	0.000000	-1.000000	1.000000	0.002217	0.850000	0.058246	
BIO_HYDROLYSIS	1179.649910	80.429838	15.000000	0.000000	0.801006	Infinity	0.000000	-1.000000	1.000000	0.850000	0.850000	0.074944	
PYROLYSIS_TO_LFO	0.001554	0.000071	25.000000	0.000000	0.000002	Infinity	0.000000	-1.000000	1.000000	0.006913	0.850000	0.048263	
PYROLYSIS_TO_FUELS	0.001228	0.000034	25.000000	0.000000	0.000001	Infinity	0.000000	-1.000000	1.000000	0.000615	0.850000	0.048263	
ATM_CCS	0.001836	0.000046	40.000000	0.000000	0.000000	Infinity	0.000000	-1.000000	1.000000	0.000436	1.000000	0.033427	
INDUSTRY_CCS	0.001991	0.000049	40.000000	0.000000	0.000001	Infinity	0.000000	-1.000000	1.000000	0.001589	1.000000	0.033427	
AMMONIA_TO_H2	0.000876	0.000081	25.000000	0.000000	0.000001	Infinity	0.000000	-1.000000	1.000000	0.003275	0.860000	0.048263	