TECHNOLOGIES	 c_inv	 c_maint	 lifetime	  f_min	 f	 f_max	 fmin_perc	f_perc	 fmax_perc	 c_p	 c_p_max	 tau	 gwp_constr
 UNITS	[M€/GW]	 [M€/GW/y]	 [y]	 [GW or GWh]	 [GW or GWh]	 [GW or GWh]	 [0-1]	 [0-1]	 [0-1]	 [0-1]	 [0-1]	 [-]	 [ktCO2-eq./GW or GWh] 
NUCLEAR	0.000000	0.000000	60.000000	0.000000	0.000000	0.000000	0.000000	0.000000	1.000000	0.000000	0.849000	0.025393	0.000000
CCGT	0.000084	0.000002	25.000000	0.000000	0.000000	Infinity	0.000000	0.000000	1.000000	0.000078	0.961540	0.048263	0.000021
CCGT_AMMONIA	0.000089	0.000002	25.000000	0.000000	0.000000	Infinity	0.000000	0.000000	1.000000	0.000106	0.630000	0.048263	0.000022
COAL_US	0.000000	0.000000	35.000000	0.000000	0.000000	0.000000	0.000000	0.000000	1.000000	0.000000	0.868000	0.036934	0.000000
COAL_IGCC	0.000000	0.000000	35.000000	0.000000	0.000000	0.000000	0.000000	0.000000	1.000000	0.000000	0.856000	0.036934	0.000000
PV	31482.170510	359.529393	25.000000	0.000000	49.271728	59.200000	0.000000	0.535738	1.000000	0.109815	1.000000	0.048263	102555.652499
WIND_ONSHORE	9788.200000	113.845000	30.000000	0.000000	10.000000	10.000000	0.000000	0.228832	1.000000	0.231112	1.000000	0.041639	6228.500000
WIND_OFFSHORE	27919.199997	194.247600	30.000000	0.000000	6.000000	6.000000	0.000000	0.230279	1.000000	0.387622	1.000000	0.041639	3737.100000
HYDRO_RIVER	580.165799	5.801152	40.000000	0.000000	0.115000	0.115000	0.000000	0.005150	1.000000	0.452326	1.000000	0.033427	145.224300
GEOTHERMAL	0.000000	0.000000	30.000000	0.000000	0.000000	0.000000	0.000000	0.000000	1.000000	0.000000	0.950000	0.041639	0.000000
IND_COGEN_GAS	0.000072	0.000005	25.000000	0.000000	0.000000	Infinity	0.000000	0.000000	1.000000	0.000157	0.850000	0.048263	0.000057
IND_COGEN_WOOD	0.000076	0.000003	25.000000	0.000000	0.000000	Infinity	0.000000	0.000000	1.000000	0.000074	0.850000	0.048263	0.000013
IND_COGEN_WASTE	0.000000	0.000000	25.000000	0.000000	0.000000	Infinity	0.000000	0.000000	1.000000	0.000000	0.850000	0.048263	0.000000
IND_BOILER_GAS	40.806381	0.817576	17.000000	0.000000	0.692925	Infinity	0.000000	0.107804	1.000000	0.516866	0.950000	0.067080	8.536842
IND_BOILER_WOOD	216.892894	4.337839	17.000000	0.000000	1.883078	Infinity	0.000000	0.280699	1.000000	0.495223	0.900000	0.067080	54.364454
IND_BOILER_OIL	0.000059	0.000001	17.000000	0.000000	0.000001	Infinity	0.000000	0.000000	1.000000	0.000085	0.950000	0.067080	0.000013
IND_BOILER_COAL	0.000000	0.000000	17.000000	0.000000	0.000000	Infinity	0.000000	0.000000	1.000000	0.000000	0.900000	0.067080	0.000000
IND_BOILER_WASTE	0.000000	0.000000	17.000000	0.000000	0.000000	Infinity	0.000000	0.000000	1.000000	0.000000	0.900000	0.067080	0.000000
IND_DIRECT_ELEC	3110.903721	14.112330	15.000000	0.000000	9.360606	Infinity	0.000000	0.611496	1.000000	0.217029	0.950000	0.074944	13.760090
DHN_HP_ELEC	1058.325172	35.886742	25.000000	0.000000	3.330371	Infinity	0.000000	1.000000	1.000000	0.677173	0.950000	0.048263	582.115479
DHN_COGEN_GAS	0.000066	0.000002	25.000000	0.000000	0.000000	Infinity	0.000000	0.000000	1.000000	0.000044	0.850000	0.048263	0.000028
DHN_COGEN_WOOD	0.000057	0.000002	25.000000	0.000000	0.000000	Infinity	0.000000	0.000000	1.000000	0.000033	0.850000	0.048263	0.000009
DHN_COGEN_WASTE	0.000000	0.000000	25.000000	0.000000	0.000000	Infinity	0.000000	0.000000	1.000000	0.000000	0.850000	0.048263	0.000000
DHN_COGEN_WET_BIOMASS	0.000046	0.000004	25.000000	0.000000	0.000000	Infinity	0.000000	0.000000	1.000000	0.000037	0.750000	0.048263	0.000037
DHN_COGEN_BIO_HYDROLYSIS	0.000079	0.000004	15.000000	0.000000	0.000000	Infinity	0.000000	0.000000	1.000000	0.000084	0.850000	0.074944	0.000012
DHN_BOILER_GAS	0.000013	0.000000	17.000000	0.000000	0.000000	Infinity	0.000000	0.000000	1.000000	0.000068	0.950000	0.067080	0.000003
DHN_BOILER_WOOD	0.000021	0.000000	17.000000	0.000000	0.000000	Infinity	0.000000	0.000000	1.000000	0.000055	0.900000	0.067080	0.000005
DHN_BOILER_OIL	0.000012	0.000000	17.000000	0.000000	0.000000	Infinity	0.000000	0.000000	1.000000	0.000038	0.950000	0.067080	0.000003
DHN_DEEP_GEO	0.000000	0.000000	30.000000	0.000000	0.000000	0.000000	0.000000	0.000000	1.000000	0.000000	0.850000	0.041639	0.000000
DHN_SOLAR	0.000055	0.000000	30.000000	0.000000	0.000000	Infinity	0.000000	0.000000	1.000000	0.000075	1.000000	0.041639	0.000035
DEC_HP_ELEC	3794.939468	158.229722	18.000000	0.000000	8.367560	Infinity	0.000000	1.000000	1.000000	0.447691	1.000000	0.063806	1379.726961
DEC_THHP_GAS	0.000127	0.000004	20.000000	0.000000	0.000000	Infinity	0.000000	0.000000	1.000000	0.000245	1.000000	0.058246	0.000167
DEC_COGEN_GAS	0.000098	0.000006	20.000000	0.000000	0.000000	Infinity	0.000000	0.000000	1.000000	0.000068	1.000000	0.058246	0.000077
DEC_COGEN_OIL	0.000093	0.000006	20.000000	0.000000	0.000000	Infinity	0.000000	0.000000	1.000000	0.000036	1.000000	0.058246	0.000079
DEC_ADVCOGEN_GAS	0.000170	0.000003	20.000000	0.000000	0.000000	Infinity	0.000000	0.000000	1.000000	0.000038	1.000000	0.058246	0.000066
DEC_ADVCOGEN_H2	0.000169	0.000003	20.000000	0.000000	0.000000	Infinity	0.000000	0.000000	1.000000	0.000037	1.000000	0.058246	0.000065
DEC_BOILER_GAS	0.000107	0.000003	17.000000	0.000000	0.000001	Infinity	0.000000	0.000000	1.000000	0.000095	1.000000	0.067080	0.000014
DEC_BOILER_WOOD	0.000106	0.000004	17.000000	0.000000	0.000000	Infinity	0.000000	0.000000	1.000000	0.000076	1.000000	0.067080	0.000005
DEC_BOILER_OIL	0.000082	0.000005	17.000000	0.000000	0.000001	Infinity	0.000000	0.000000	1.000000	0.000055	1.000000	0.067080	0.000012
DEC_SOLAR	0.000874	0.000010	20.000000	0.000000	0.000001	Infinity	0.000000	0.000000	1.000000	0.000557	1.000000	0.058246	0.000281
DEC_DIRECT_ELEC	0.000130	0.000001	15.000000	0.000000	0.000003	Infinity	0.000000	0.000000	1.000000	0.000165	1.000000	0.074944	0.000005
TRAMWAY_TROLLEY	4917.254748	98.345095	30.000000	0.000000	7.867608	Infinity	0.000000	0.300000	0.300000	0.342470	0.342470	0.041639	0.000000
BUS_COACH_DIESEL	0.000044	0.000002	15.000000	0.000000	0.000000	Infinity	0.000000	0.000000	1.000000	0.000207	0.296800	0.074944	0.000000
BUS_COACH_HYDIESEL	0.000059	0.000002	15.000000	0.000000	0.000000	Infinity	0.000000	0.000000	1.000000	0.000209	0.296800	0.074944	0.000000
BUS_COACH_CNG_STOICH	3800.511442	184.927236	15.000000	0.000000	6.052155	Infinity	0.000000	0.200000	1.000000	0.296800	0.296800	0.074944	0.000000
BUS_COACH_FC_HYBRIDH2	0.000032	0.000001	15.000000	0.000000	0.000000	Infinity	0.000000	0.000000	1.000000	0.000097	0.296800	0.074944	0.000000
TRAIN_PUB	24586.770271	887.343693	40.000000	0.000000	16.325660	Infinity	0.000000	0.500000	0.500000	0.275070	0.275070	0.033427	0.000000
CAR_GASOLINE	0.000005	0.000000	10.000000	0.000000	0.000000	Infinity	0.000000	0.000000	1.000000	0.000007	0.051370	0.108434	0.000000
CAR_DIESEL	0.000007	0.000000	10.000000	0.000000	0.000000	Infinity	0.000000	0.000000	1.000000	0.000009	0.051370	0.108434	0.000000
CAR_NG	0.000008	0.000000	10.000000	0.000000	0.000000	Infinity	0.000000	0.000000	1.000000	0.000011	0.051370	0.108434	0.000000
CAR_METHANOL	0.000005	0.000000	10.000000	0.000000	0.000000	Infinity	0.000000	0.000000	1.000000	0.000009	0.051370	0.108434	0.000000
CAR_HEV	0.000006	0.000000	10.000000	0.000000	0.000000	Infinity	0.000000	0.000000	1.000000	0.000007	0.051370	0.108434	0.000000
CAR_PHEV	0.002976	0.000219	10.000000	0.000000	0.000006	Infinity	0.000000	0.000000	1.000000	0.002082	0.051370	0.108434	0.000000
CAR_BEV	48333.221927	1165.582799	10.000000	0.000000	116.558280	Infinity	0.000000	1.000000	1.000000	0.051370	0.051370	0.108434	0.000000
CAR_FUEL_CELL	0.000012	0.000000	10.000000	0.000000	0.000000	Infinity	0.000000	0.000000	1.000000	0.000017	0.051370	0.108434	0.000000
TRAIN_FREIGHT	597.186664	11.943219	40.000000	0.000000	5.719083	Infinity	0.000000	1.000000	1.000000	0.342470	0.342470	0.033427	0.000000
BOAT_FREIGHT_DIESEL	1626.459740	78.635005	40.000000	0.000000	20.588098	Infinity	0.000000	1.000000	1.000000	0.114160	0.114160	0.033427	0.000000
BOAT_FREIGHT_NG	0.000014	0.000001	40.000000	0.000000	0.000000	Infinity	0.000000	0.000000	1.000000	0.000201	0.114160	0.033427	0.000000
BOAT_FREIGHT_METHANOL	0.000007	0.000000	40.000000	0.000000	0.000000	Infinity	0.000000	0.000000	1.000000	0.000107	0.114160	0.033427	0.000000
TRUCK_DIESEL	0.000015	0.000001	15.000000	0.000000	0.000000	Infinity	0.000000	0.000000	1.000000	0.000026	0.092590	0.074944	0.000000
TRUCK_METHANOL	0.000018	0.000001	15.000000	0.000000	0.000000	Infinity	0.000000	0.000000	1.000000	0.000044	0.092590	0.074944	0.000000
TRUCK_FUEL_CELL	15414.521740	459.458068	15.000000	0.000000	38.076530	Infinity	0.000000	1.000000	1.000000	0.092590	0.092590	0.074944	0.000000
TRUCK_ELEC	0.000008	0.000000	15.000000	0.000000	0.000000	Infinity	0.000000	0.000000	1.000000	0.000011	0.092590	0.074944	0.000000
TRUCK_NG	0.000001	0.000000	15.000000	0.000000	0.000000	Infinity	0.000000	0.000000	1.000000	0.000003	0.092590	0.074944	0.000000
HABER_BOSCH	0.000169	0.000003	20.000000	0.000000	0.000000	Infinity	0.000000	1.000000	1.000000	0.000434	1.000000	0.058246	0.000000
SYN_METHANOLATION	0.000170	0.000005	20.000000	0.000000	0.000000	Infinity	0.000000	0.727276	1.000000	0.000486	0.950000	0.058246	0.000000
METHANE_TO_METHANOL	0.000070	0.000003	25.000000	0.000000	0.000000	Infinity	0.000000	0.146060	1.000000	0.000098	0.850000	0.048263	0.000000
BIOMASS_TO_METHANOL	0.000097	0.000001	20.000000	0.000000	0.000000	Infinity	0.000000	0.126665	1.000000	0.000085	1.000000	0.058246	0.000000
OIL_TO_HVC	0.000072	0.000000	15.000000	0.000000	0.000000	Infinity	0.000000	0.000000	1.000000	0.000063	1.000000	0.074944	0.000000
GAS_TO_HVC	0.000079	0.000002	25.000000	0.000000	0.000000	Infinity	0.000000	0.000000	1.000000	0.000039	1.000000	0.048263	0.000000
BIOMASS_TO_HVC	0.000078	0.000002	20.000000	0.000000	0.000000	Infinity	0.000000	0.000000	1.000000	0.000061	1.000000	0.058246	0.000000
METHANOL_TO_HVC	1312.523403	118.126496	20.000000	0.000000	2.034920	Infinity	0.000000	1.000000	1.000000	1.000000	1.000000	0.058246	0.000000
PHS	382.199368	0.000000	50.000000	5.000000	6.499989	6.500000	0.000000	-1.000000	1.000000	0.018544	1.000000	0.028572	
BATT_LI	0.001017	0.000002	15.000000	0.000000	0.000006	Infinity	0.000000	-1.000000	1.000000	0.001241	1.000000	0.074944	
BEV_BATT	0.000000	0.000000	1.000000	0.000000	115.633214	Infinity	0.000000	-1.000000	1.000000	0.004314	1.000000	1.015000	
PHEV_BATT	0.000000	0.000000	1.000000	0.000000	0.000001	Infinity	0.000000	-1.000000	1.000000	0.000090	1.000000	1.015000	
TS_DEC_DIRECT_ELEC	0.000320	0.000002	20.000000	0.000000	0.000017	Infinity	0.000000	-1.000000	1.000000	0.000190	1.000000	0.058246	
TS_DEC_HP_ELEC	424.730251	2.973336	20.000000	0.000000	22.389576	Infinity	0.000000	-1.000000	1.000000	0.029658	1.000000	0.058246	
TS_DEC_THHP_GAS	0.000316	0.000002	20.000000	0.000000	0.000017	Infinity	0.000000	-1.000000	1.000000	0.000148	1.000000	0.058246	
TS_DEC_COGEN_GAS	0.000315	0.000002	20.000000	0.000000	0.000017	Infinity	0.000000	-1.000000	1.000000	0.000112	1.000000	0.058246	
TS_DEC_COGEN_OIL	0.000315	0.000002	20.000000	0.000000	0.000017	Infinity	0.000000	-1.000000	1.000000	0.000076	1.000000	0.058246	
TS_DEC_ADVCOGEN_GAS	0.000313	0.000002	20.000000	0.000000	0.000017	Infinity	0.000000	-1.000000	1.000000	0.000078	1.000000	0.058246	
TS_DEC_ADVCOGEN_H2	0.000312	0.000002	20.000000	0.000000	0.000016	Infinity	0.000000	-1.000000	1.000000	0.000077	1.000000	0.058246	
TS_DEC_BOILER_GAS	0.000315	0.000002	20.000000	0.000000	0.000017	Infinity	0.000000	-1.000000	1.000000	0.000125	1.000000	0.058246	
TS_DEC_BOILER_WOOD	0.000317	0.000002	20.000000	0.000000	0.000017	Infinity	0.000000	-1.000000	1.000000	0.000111	1.000000	0.058246	
TS_DEC_BOILER_OIL	0.000316	0.000002	20.000000	0.000000	0.000017	Infinity	0.000000	-1.000000	1.000000	0.000099	1.000000	0.058246	
TS_DHN_DAILY	0.000520	0.000001	40.000000	0.000000	0.000173	Infinity	0.000000	-1.000000	1.000000	0.000724	1.000000	0.033427	
TS_DHN_SEASONAL	245.617582	1.336726	25.000000	0.000000	472.341504	Infinity	0.000000	-1.000000	1.000000	0.001423	1.000000	0.048263	
TS_HIGH_TEMP	1254.258332	13.424099	25.000000	0.000000	44.746997	Infinity	0.000000	-1.000000	1.000000	0.027070	1.000000	0.048263	
GAS_STORAGE	84.297620	2.208598	50.000000	0.000000	1685.952407	Infinity	0.000000	-1.000000	1.000000	0.000109	1.000000	0.028572	
H2_STORAGE	0.003202	0.000202	20.000000	0.000000	0.000517	Infinity	0.000000	-1.000000	1.000000	0.001576	1.000000	0.058246	
DIESEL_STORAGE	0.002311	0.000092	20.000000	0.000000	0.231123	Infinity	0.000000	-1.000000	1.000000	0.000055	1.000000	0.058246	
GASOLINE_STORAGE	0.002316	0.000093	20.000000	0.000000	0.231585	Infinity	0.000000	-1.000000	1.000000	0.000000	1.000000	0.058246	
LFO_STORAGE	0.002315	0.000093	20.000000	0.000000	0.231509	Infinity	0.000000	-1.000000	1.000000	0.000000	1.000000	0.058246	
AMMONIA_STORAGE	0.002315	0.000093	20.000000	0.000000	0.231468	Infinity	0.000000	-1.000000	1.000000	0.000002	1.000000	0.058246	
METHANOL_STORAGE	0.002321	0.000093	20.000000	0.000000	0.232098	Infinity	0.000000	-1.000000	1.000000	0.000055	1.000000	0.058246	
CO2_STORAGE	0.006439	0.000064	30.000000	0.000000	0.000130	Infinity	0.000000	-1.000000	1.000000	0.000922	1.000000	0.041639	
EFFICIENCY	5517.241379	0.000000	1.000000	0.000000	0.985222	Infinity	0.000000	-1.000000	1.000000	0.000000	1.000000	1.015000	
DHN	2897.718532	0.000000	60.000000	0.000000	3.508644	Infinity	0.000000	-1.000000	1.000000	0.000000	1.000000	0.025393	
GRID	98926.001503	0.000000	80.000000	0.000000	1.320438	Infinity	0.000000	-1.000000	1.000000	0.000000	1.000000	0.021548	
H2_ELECTROLYSIS	340.854280	9.373510	15.000000	0.000000	0.673186	Infinity	0.000000	-1.000000	1.000000	0.254622	0.900000	0.074944	
SMR	0.000056	0.000005	25.000000	0.000000	0.000000	Infinity	0.000000	-1.000000	1.000000	0.000209	0.860000	0.048263	
H2_BIOMASS	0.000058	0.000004	25.000000	0.000000	0.000000	Infinity	0.000000	-1.000000	1.000000	0.000037	0.860000	0.048263	
GASIFICATION_SNG	0.000069	0.000005	25.000000	0.000000	0.000000	Infinity	0.000000	-1.000000	1.000000	0.000075	0.850000	0.048263	
SYN_METHANATION	96.982630	24.779208	40.000000	0.000000	0.560982	Infinity	0.000000	-1.000000	1.000000	0.254623	1.000000	0.033427	
BIOMETHANATION	0.000106	0.000001	20.000000	0.000000	0.000000	Infinity	0.000000	-1.000000	1.000000	0.000220	0.850000	0.058246	
BIO_HYDROLYSIS	1179.651303	80.429933	15.000000	0.000000	0.801007	Infinity	0.000000	-1.000000	1.000000	0.850000	0.850000	0.074944	
PYROLYSIS_TO_LFO	0.000100	0.000005	25.000000	0.000000	0.000000	Infinity	0.000000	-1.000000	1.000000	0.000402	0.850000	0.048263	
PYROLYSIS_TO_FUELS	0.000080	0.000002	25.000000	0.000000	0.000000	Infinity	0.000000	-1.000000	1.000000	0.000044	0.850000	0.048263	
ATM_CCS	0.000206	0.000005	40.000000	0.000000	0.000000	Infinity	0.000000	-1.000000	1.000000	0.000096	1.000000	0.033427	
INDUSTRY_CCS	310.238110	7.701133	40.000000	0.000000	0.124662	Infinity	0.000000	-1.000000	1.000000	0.254624	1.000000	0.033427	
AMMONIA_TO_H2	0.000760	0.000070	25.000000	0.000000	0.000001	Infinity	0.000000	-1.000000	1.000000	0.006442	0.860000	0.048263	