Name	C_inv	C_maint	C_op
NUCLEAR	0.000000	0.000000	0.000000
CCGT	0.000004	0.000002	0.000000
CCGT_AMMONIA	0.000004	0.000002	0.000000
COAL_US	0.000000	0.000000	0.000000
COAL_IGCC	0.000000	0.000000	0.000000
PV	1519.438285	359.529393	0.000000
WIND_ONSHORE	407.572703	113.845000	0.000000
WIND_OFFSHORE	1162.532825	194.247600	0.000000
HYDRO_RIVER	19.393261	5.801152	0.000000
GEOTHERMAL	0.000000	0.000000	0.000000
IND_COGEN_GAS	0.000003	0.000005	0.000000
IND_COGEN_WOOD	0.000004	0.000003	0.000000
IND_COGEN_WASTE	0.000000	0.000000	0.000000
IND_BOILER_GAS	2.737278	0.817576	0.000000
IND_BOILER_WOOD	14.549101	4.337839	0.000000
IND_BOILER_OIL	0.000004	0.000001	0.000000
IND_BOILER_COAL	0.000000	0.000000	0.000000
IND_BOILER_WASTE	0.000000	0.000000	0.000000
IND_DIRECT_ELEC	233.144675	14.112330	0.000000
DHN_HP_ELEC	51.078428	35.886742	0.000000
DHN_COGEN_GAS	0.000003	0.000002	0.000000
DHN_COGEN_WOOD	0.000003	0.000002	0.000000
DHN_COGEN_WASTE	0.000000	0.000000	0.000000
DHN_COGEN_WET_BIOMASS	0.000002	0.000004	0.000000
DHN_COGEN_BIO_HYDROLYSIS	0.000006	0.000004	0.000000
DHN_BOILER_GAS	0.000001	0.000000	0.000000
DHN_BOILER_WOOD	0.000001	0.000000	0.000000
DHN_BOILER_OIL	0.000001	0.000000	0.000000
DHN_DEEP_GEO	0.000000	0.000000	0.000000
DHN_SOLAR	0.000002	0.000000	0.000000
DEC_HP_ELEC	242.139079	158.229722	0.000000
DEC_THHP_GAS	0.000007	0.000004	0.000000
DEC_COGEN_GAS	0.000006	0.000006	0.000000
DEC_COGEN_OIL	0.000005	0.000006	0.000000
DEC_ADVCOGEN_GAS	0.000010	0.000003	0.000000
DEC_ADVCOGEN_H2	0.000010	0.000003	0.000000
DEC_BOILER_GAS	0.000007	0.000003	0.000000
DEC_BOILER_WOOD	0.000007	0.000004	0.000000
DEC_BOILER_OIL	0.000005	0.000005	0.000000
DEC_SOLAR	0.000051	0.000010	0.000000
DEC_DIRECT_ELEC	0.000010	0.000001	0.000000
TRAMWAY_TROLLEY	204.750496	98.345095	0.000000
BUS_COACH_DIESEL	0.000003	0.000002	0.000000
BUS_COACH_HYDIESEL	0.000004	0.000002	0.000000
BUS_COACH_CNG_STOICH	284.826881	184.927236	0.000000
BUS_COACH_FC_HYBRIDH2	0.000002	0.000001	0.000000
TRAIN_PUB	821.864470	887.343693	0.000000
CAR_GASOLINE	0.000001	0.000000	0.000000
CAR_DIESEL	0.000001	0.000000	0.000000
CAR_NG	0.000001	0.000000	0.000000
CAR_METHANOL	0.000001	0.000000	0.000000
CAR_HEV	0.000001	0.000000	0.000000
CAR_PHEV	0.000323	0.000219	0.000000
CAR_BEV	5240.973183	1165.582799	0.000000
CAR_FUEL_CELL	0.000001	0.000000	0.000000
TRAIN_FREIGHT	19.962219	11.943219	0.000000
BOAT_FREIGHT_DIESEL	54.367835	78.635005	0.000000
BOAT_FREIGHT_NG	0.000000	0.000001	0.000000
BOAT_FREIGHT_METHANOL	0.000000	0.000000	0.000000
TRUCK_DIESEL	0.000001	0.000001	0.000000
TRUCK_METHANOL	0.000001	0.000001	0.000000
TRUCK_FUEL_CELL	1155.231400	459.458068	0.000000
TRUCK_ELEC	0.000001	0.000000	0.000000
TRUCK_NG	0.000000	0.000000	0.000000
HABER_BOSCH	0.000010	0.000003	0.000000
SYN_METHANOLATION	0.000010	0.000005	0.000000
METHANE_TO_METHANOL	0.000003	0.000003	0.000000
BIOMASS_TO_METHANOL	0.000006	0.000001	0.000000
OIL_TO_HVC	0.000005	0.000000	0.000000
GAS_TO_HVC	0.000004	0.000002	0.000000
BIOMASS_TO_HVC	0.000005	0.000002	0.000000
METHANOL_TO_HVC	76.448891	118.126496	0.000000
PHS	10.920079	0.000000	0.000000
BATT_LI	0.000076	0.000002	0.000000
BEV_BATT	0.000000	0.000000	0.000000
PHEV_BATT	0.000000	0.000000	0.000000
TS_DEC_DIRECT_ELEC	0.000019	0.000002	0.000000
TS_DEC_HP_ELEC	24.738726	2.973336	0.000000
TS_DEC_THHP_GAS	0.000018	0.000002	0.000000
TS_DEC_COGEN_GAS	0.000018	0.000002	0.000000
TS_DEC_COGEN_OIL	0.000018	0.000002	0.000000
TS_DEC_ADVCOGEN_GAS	0.000018	0.000002	0.000000
TS_DEC_ADVCOGEN_H2	0.000018	0.000002	0.000000
TS_DEC_BOILER_GAS	0.000018	0.000002	0.000000
TS_DEC_BOILER_WOOD	0.000018	0.000002	0.000000
TS_DEC_BOILER_OIL	0.000018	0.000002	0.000000
TS_DHN_DAILY	0.000017	0.000001	0.000000
TS_DHN_SEASONAL	11.854353	1.336726	0.000000
TS_HIGH_TEMP	60.534839	13.424099	0.000000
GAS_STORAGE	2.408525	2.208598	0.000000
H2_STORAGE	0.000186	0.000202	0.000000
DIESEL_STORAGE	0.000135	0.000092	0.000000
GASOLINE_STORAGE	0.000135	0.000093	0.000000
LFO_STORAGE	0.000135	0.000093	0.000000
AMMONIA_STORAGE	0.000135	0.000093	0.000000
METHANOL_STORAGE	0.000135	0.000093	0.000000
CO2_STORAGE	0.000268	0.000064	0.000000
EFFICIENCY	5600.000000	0.000000	0.000000
DHN	73.583005	0.000000	0.000000
GRID	2131.689442	0.000000	0.000000
H2_ELECTROLYSIS	25.545104	9.373510	0.000000
SMR	0.000003	0.000005	0.000000
H2_BIOMASS	0.000003	0.000004	0.000000
GASIFICATION_SNG	0.000003	0.000005	0.000000
SYN_METHANATION	3.241848	24.779208	0.000000
BIOMETHANATION	0.000006	0.000001	0.000000
BIO_HYDROLYSIS	88.408207	80.429933	0.000000
PYROLYSIS_TO_LFO	0.000005	0.000005	0.000000
PYROLYSIS_TO_FUELS	0.000004	0.000002	0.000000
ATM_CCS	0.000007	0.000005	0.000000
INDUSTRY_CCS	10.370361	7.701133	0.000000
AMMONIA_TO_H2	0.000037	0.000070	0.000000
ELECTRICITY	0.000000	0.000000	2186.506298
GASOLINE	0.000000	0.000000	0.000000
DIESEL	0.000000	0.000000	0.000000
BIOETHANOL	0.000000	0.000000	0.000014
BIODIESEL	0.000000	0.000000	220.081211
LFO	0.000000	0.000000	0.000000
GAS	0.000000	0.000000	0.000000
GAS_RE	0.000000	0.000000	0.000001
WOOD	0.000000	0.000000	201.285000
WET_BIOMASS	0.000000	0.000000	135.360000
COAL	0.000000	0.000000	0.000000
URANIUM	0.000000	0.000000	0.000000
WASTE	0.000000	0.000000	0.000000
H2	0.000000	0.000000	0.000000
H2_RE	0.000000	0.000000	1159.390164
AMMONIA	0.000000	0.000000	0.000000
METHANOL	0.000000	0.000000	0.000000
AMMONIA_RE	0.000000	0.000000	0.000547
METHANOL_RE	0.000000	0.000000	2364.607316
ELEC_EXPORT	0.000000	0.000000	0.000000
CO2_EMISSIONS	0.000000	0.000000	0.000000
RES_WIND	0.000000	0.000000	0.000000
RES_SOLAR	0.000000	0.000000	0.000000
RES_HYDRO	0.000000	0.000000	0.000000
RES_GEO	0.000000	0.000000	0.000000
CO2_ATM	0.000000	0.000000	0.000000
CO2_INDUSTRY	0.000000	0.000000	0.000000
CO2_CAPTURED	0.000000	0.000000	0.000000
