TECHNOLOGIES	 c_inv	 c_maint	 lifetime	  f_min	 f	 f_max	 fmin_perc	f_perc	 fmax_perc	 c_p	 c_p_max	 tau	 gwp_constr
 UNITS	[M€/GW]	 [M€/GW/y]	 [y]	 [GW or GWh]	 [GW or GWh]	 [GW or GWh]	 [0-1]	 [0-1]	 [0-1]	 [0-1]	 [0-1]	 [-]	 [ktCO2-eq./GW or GWh] 
NUCLEAR	0.000000	0.000000	60.000000	0.000000	0.000000	0.000000	0.000000	0.000000	1.000000	0.000000	0.849000	0.025393	0.000000
CCGT	0.000655	0.000017	25.000000	0.000000	0.000001	Infinity	0.000000	0.000000	1.000000	0.001211	0.961540	0.048263	0.000160
CCGT_AMMONIA	73.405196	1.859125	25.000000	0.000000	0.097760	Infinity	0.000000	0.004421	1.000000	0.539727	0.630000	0.048263	17.967346
COAL_US	0.000000	0.000000	35.000000	0.000000	0.000000	0.000000	0.000000	0.000000	1.000000	0.000000	0.868000	0.036934	0.000000
COAL_IGCC	0.000000	0.000000	35.000000	0.000000	0.000000	0.000000	0.000000	0.000000	1.000000	0.000000	0.856000	0.036934	0.000000
PV	37809.863990	431.792256	25.000000	0.000000	59.174996	59.200000	0.000000	0.585245	1.000000	0.118044	1.000000	0.048263	123168.612888
WIND_ONSHORE	9788.199999	113.845000	30.000000	0.000000	10.000000	10.000000	0.000000	0.201283	1.000000	0.240242	1.000000	0.041639	6228.500000
WIND_OFFSHORE	27919.199997	194.247600	30.000000	0.000000	6.000000	6.000000	0.000000	0.204461	1.000000	0.406727	1.000000	0.041639	3737.100000
HYDRO_RIVER	580.165798	5.801152	40.000000	0.000000	0.115000	0.115000	0.000000	0.004590	1.000000	0.476349	1.000000	0.033427	145.224299
GEOTHERMAL	0.000000	0.000000	30.000000	0.000000	0.000000	0.000000	0.000000	0.000000	1.000000	0.000000	0.950000	0.041639	0.000000
IND_COGEN_GAS	8516.087696	547.404078	25.000000	0.000000	6.501823	Infinity	0.000000	0.636293	1.000000	0.792391	0.850000	0.048263	6659.947281
IND_COGEN_WOOD	0.000570	0.000021	25.000000	0.000000	0.000001	Infinity	0.000000	0.000000	1.000000	0.000948	0.850000	0.048263	0.000094
IND_COGEN_WASTE	0.000000	0.000000	25.000000	0.000000	0.000000	Infinity	0.000000	0.000000	1.000000	0.000000	0.850000	0.048263	0.000000
IND_BOILER_GAS	100.408856	2.011741	17.000000	0.000000	1.705024	Infinity	0.000000	0.084154	1.000000	0.399636	0.950000	0.067080	21.005894
IND_BOILER_WOOD	134.724724	2.694483	17.000000	0.000000	1.169689	Infinity	0.000000	0.115173	1.000000	0.797258	0.900000	0.067080	33.768908
IND_BOILER_OIL	0.000312	0.000007	17.000000	0.000000	0.000006	Infinity	0.000000	0.000000	1.000000	0.000809	0.950000	0.067080	0.000070
IND_BOILER_COAL	0.000000	0.000000	17.000000	0.000000	0.000000	Infinity	0.000000	0.000000	1.000000	0.000000	0.900000	0.067080	0.000000
IND_BOILER_WASTE	0.000000	0.000000	17.000000	0.000000	0.000000	Infinity	0.000000	0.000000	1.000000	0.000000	0.900000	0.067080	0.000000
IND_DIRECT_ELEC	5867.118286	26.615645	15.000000	0.000000	17.653964	Infinity	0.000000	0.164380	1.000000	0.075392	0.950000	0.074944	25.951327
DHN_HP_ELEC	2389.592203	81.028667	25.000000	0.000000	7.519643	Infinity	0.000000	1.000000	1.000000	0.682333	0.950000	0.048263	1314.358428
DHN_COGEN_GAS	0.000484	0.000014	25.000000	0.000000	0.000000	Infinity	0.000000	0.000000	1.000000	0.000539	0.850000	0.048263	0.000204
DHN_COGEN_WOOD	0.000397	0.000015	25.000000	0.000000	0.000000	Infinity	0.000000	0.000000	1.000000	0.000295	0.850000	0.048263	0.000065
DHN_COGEN_WASTE	0.000000	0.000000	25.000000	0.000000	0.000000	Infinity	0.000000	0.000000	1.000000	0.000000	0.850000	0.048263	0.000000
DHN_COGEN_WET_BIOMASS	0.000377	0.000031	25.000000	0.000000	0.000000	Infinity	0.000000	0.000000	1.000000	0.000290	0.750000	0.048263	0.000302
DHN_COGEN_BIO_HYDROLYSIS	0.000760	0.000037	15.000000	0.000000	0.000000	Infinity	0.000000	0.000000	1.000000	0.001184	0.850000	0.074944	0.000117
DHN_BOILER_GAS	0.000073	0.000001	17.000000	0.000000	0.000001	Infinity	0.000000	0.000000	1.000000	0.000447	0.950000	0.067080	0.000015
DHN_BOILER_WOOD	0.000127	0.000003	17.000000	0.000000	0.000001	Infinity	0.000000	0.000000	1.000000	0.000445	0.900000	0.067080	0.000032
DHN_BOILER_OIL	0.000067	0.000001	17.000000	0.000000	0.000001	Infinity	0.000000	0.000000	1.000000	0.000293	0.950000	0.067080	0.000015
DHN_DEEP_GEO	0.000000	0.000000	30.000000	0.000000	0.000000	0.000000	0.000000	0.000000	1.000000	0.000000	0.850000	0.041639	0.000000
DHN_SOLAR	0.000132	0.000000	30.000000	0.000000	0.000000	Infinity	0.000000	0.000000	1.000000	0.000170	1.000000	0.041639	0.000084
DEC_HP_ELEC	8432.226783	351.581076	18.000000	0.000000	18.592434	Infinity	0.000000	1.000000	1.000000	0.450393	1.000000	0.063806	3065.706512
DEC_THHP_GAS	0.000867	0.000025	20.000000	0.000000	0.000003	Infinity	0.000000	0.000000	1.000000	0.003298	1.000000	0.058246	0.001138
DEC_COGEN_GAS	0.000658	0.000042	20.000000	0.000000	0.000001	Infinity	0.000000	0.000000	1.000000	0.000657	1.000000	0.058246	0.000515
DEC_COGEN_OIL	0.000611	0.000037	20.000000	0.000000	0.000001	Infinity	0.000000	0.000000	1.000000	0.000274	1.000000	0.058246	0.000515
DEC_ADVCOGEN_GAS	0.001177	0.000022	20.000000	0.000000	0.000000	Infinity	0.000000	0.000000	1.000000	0.000383	1.000000	0.058246	0.000457
DEC_ADVCOGEN_H2	0.001202	0.000022	20.000000	0.000000	0.000000	Infinity	0.000000	0.000000	1.000000	0.000428	1.000000	0.058246	0.000466
DEC_BOILER_GAS	0.000635	0.000019	17.000000	0.000000	0.000004	Infinity	0.000000	0.000000	1.000000	0.000640	1.000000	0.067080	0.000085
DEC_BOILER_WOOD	0.000682	0.000024	17.000000	0.000000	0.000001	Infinity	0.000000	0.000000	1.000000	0.000581	1.000000	0.067080	0.000031
DEC_BOILER_OIL	0.000502	0.000030	17.000000	0.000000	0.000004	Infinity	0.000000	0.000000	1.000000	0.000366	1.000000	0.067080	0.000074
DEC_SOLAR	0.002677	0.000030	20.000000	0.000000	0.000004	Infinity	0.000000	0.000000	1.000000	0.001858	1.000000	0.058246	0.000860
DEC_DIRECT_ELEC	0.000566	0.000002	15.000000	0.000000	0.000015	Infinity	0.000000	0.000000	1.000000	0.000522	1.000000	0.074944	0.000022
TRAMWAY_TROLLEY	2040.603373	40.812067	30.000000	0.000000	3.264965	Infinity	0.000000	0.300000	0.300000	0.342470	0.342470	0.041639	0.000000
BUS_COACH_DIESEL	0.000443	0.000021	15.000000	0.000000	0.000001	Infinity	0.000000	0.000000	1.000000	0.002083	0.296800	0.074944	0.000000
BUS_COACH_HYDIESEL	0.000529	0.000020	15.000000	0.000000	0.000001	Infinity	0.000000	0.000000	1.000000	0.001969	0.296800	0.074944	0.000000
BUS_COACH_CNG_STOICH	1577.166882	76.742596	15.000000	0.000000	2.511572	Infinity	0.000000	0.200000	1.000000	0.296800	0.296800	0.074944	0.000000
BUS_COACH_FC_HYBRIDH2	0.000296	0.000009	15.000000	0.000000	0.000000	Infinity	0.000000	0.000000	1.000000	0.001101	0.296800	0.074944	0.000000
TRAIN_PUB	10203.223026	368.237288	40.000000	0.000000	6.774959	Infinity	0.000000	0.500000	0.500000	0.275070	0.275070	0.033427	0.000000
CAR_GASOLINE	0.000058	0.000003	10.000000	0.000000	0.000000	Infinity	0.000000	0.000000	1.000000	0.000097	0.051370	0.108434	0.000000
CAR_DIESEL	0.000047	0.000002	10.000000	0.000000	0.000000	Infinity	0.000000	0.000000	1.000000	0.000090	0.051370	0.108434	0.000000
CAR_NG	0.000076	0.000004	10.000000	0.000000	0.000000	Infinity	0.000000	0.000000	1.000000	0.000161	0.051370	0.108434	0.000000
CAR_METHANOL	0.000041	0.000002	10.000000	0.000000	0.000000	Infinity	0.000000	0.000000	1.000000	0.000076	0.051370	0.108434	0.000000
CAR_HEV	0.000044	0.000003	10.000000	0.000000	0.000000	Infinity	0.000000	0.000000	1.000000	0.000087	0.051370	0.108434	0.000000
CAR_PHEV	0.018916	0.001393	10.000000	0.000000	0.000041	Infinity	0.000000	0.000000	1.000000	0.013207	0.051370	0.108434	0.000000
CAR_BEV	116677.238248	2813.737146	10.000000	0.000000	281.373715	Infinity	0.000000	1.000000	1.000000	0.051370	0.051370	0.108434	0.000000
CAR_FUEL_CELL	0.000095	0.000002	10.000000	0.000000	0.000000	Infinity	0.000000	0.000000	1.000000	0.000204	0.051370	0.108434	0.000000
TRAIN_FREIGHT	807.210506	16.143514	40.000000	0.000000	7.730420	Infinity	0.000000	1.000000	1.000000	0.342470	0.342470	0.033427	0.000000
BOAT_FREIGHT_DIESEL	2198.467291	106.290049	40.000000	0.000000	27.828700	Infinity	0.000000	1.000000	1.000000	0.114160	0.114160	0.033427	0.000000
BOAT_FREIGHT_NG	0.000034	0.000002	40.000000	0.000000	0.000000	Infinity	0.000000	0.000000	1.000000	0.000529	0.114160	0.033427	0.000000
BOAT_FREIGHT_METHANOL	0.000078	0.000004	40.000000	0.000000	0.000001	Infinity	0.000000	0.000000	1.000000	0.001071	0.114160	0.033427	0.000000
TRUCK_DIESEL	0.000030	0.000001	15.000000	0.000000	0.000000	Infinity	0.000000	0.000000	1.000000	0.000076	0.092590	0.074944	0.000000
TRUCK_METHANOL	0.000108	0.000005	15.000000	0.000000	0.000000	Infinity	0.000000	0.000000	1.000000	0.000273	0.092590	0.074944	0.000000
TRUCK_FUEL_CELL	20835.635711	621.044304	15.000000	0.000000	51.467618	Infinity	0.000000	1.000000	1.000000	0.092590	0.092590	0.074944	0.000000
TRUCK_ELEC	0.000010	0.000000	15.000000	0.000000	0.000000	Infinity	0.000000	0.000000	1.000000	0.000037	0.092590	0.074944	0.000000
TRUCK_NG	0.000007	0.000000	15.000000	0.000000	0.000000	Infinity	0.000000	0.000000	1.000000	0.000023	0.092590	0.074944	0.000000
HABER_BOSCH	0.000514	0.000010	20.000000	0.000000	0.000001	Infinity	0.000000	1.000000	1.000000	0.000534	1.000000	0.058246	0.000000
SYN_METHANOLATION	0.000540	0.000015	20.000000	0.000000	0.000001	Infinity	0.000000	0.447615	1.000000	0.000942	0.950000	0.058246	0.000000
METHANE_TO_METHANOL	0.000438	0.000019	25.000000	0.000000	0.000001	Infinity	0.000000	0.252427	1.000000	0.000531	0.850000	0.048263	0.000000
BIOMASS_TO_METHANOL	0.000635	0.000010	20.000000	0.000000	0.000000	Infinity	0.000000	0.299959	1.000000	0.000631	1.000000	0.058246	0.000000
OIL_TO_HVC	0.000480	0.000003	15.000000	0.000000	0.000001	Infinity	0.000000	0.000000	1.000000	0.000455	1.000000	0.074944	0.000000
GAS_TO_HVC	0.000489	0.000012	25.000000	0.000000	0.000001	Infinity	0.000000	0.000000	1.000000	0.000199	1.000000	0.048263	0.000000
BIOMASS_TO_HVC	0.000523	0.000016	20.000000	0.000000	0.000000	Infinity	0.000000	0.000000	1.000000	0.000442	1.000000	0.058246	0.000000
METHANOL_TO_HVC	3155.377357	283.982495	20.000000	0.000000	4.892058	Infinity	0.000000	1.000000	1.000000	1.000000	1.000000	0.058246	0.000000
PHS	382.192649	0.000000	50.000000	5.000000	6.499875	6.500000	0.000000	-1.000000	1.000000	0.008237	1.000000	0.028572	
BATT_LI	0.015484	0.000024	15.000000	0.000000	0.000099	Infinity	0.000000	-1.000000	1.000000	0.021279	1.000000	0.074944	
BEV_BATT	0.000000	0.000000	1.000000	0.000000	279.140590	Infinity	0.000000	-1.000000	1.000000	0.003579	1.000000	1.015000	
PHEV_BATT	0.000000	0.000000	1.000000	0.000000	0.000008	Infinity	0.000000	-1.000000	1.000000	0.000574	1.000000	1.015000	
TS_DEC_DIRECT_ELEC	0.001358	0.000010	20.000000	0.000000	0.000072	Infinity	0.000000	-1.000000	1.000000	0.000605	1.000000	0.058246	
TS_DEC_HP_ELEC	1022.031327	7.154758	20.000000	0.000000	53.876190	Infinity	0.000000	-1.000000	1.000000	0.030601	1.000000	0.058246	
TS_DEC_THHP_GAS	0.001358	0.000010	20.000000	0.000000	0.000072	Infinity	0.000000	-1.000000	1.000000	0.001012	1.000000	0.058246	
TS_DEC_COGEN_GAS	0.001353	0.000009	20.000000	0.000000	0.000071	Infinity	0.000000	-1.000000	1.000000	0.000524	1.000000	0.058246	
TS_DEC_COGEN_OIL	0.001332	0.000009	20.000000	0.000000	0.000070	Infinity	0.000000	-1.000000	1.000000	0.000425	1.000000	0.058246	
TS_DEC_ADVCOGEN_GAS	0.001348	0.000009	20.000000	0.000000	0.000071	Infinity	0.000000	-1.000000	1.000000	0.000475	1.000000	0.058246	
TS_DEC_ADVCOGEN_H2	0.001353	0.000009	20.000000	0.000000	0.000071	Infinity	0.000000	-1.000000	1.000000	0.000496	1.000000	0.058246	
TS_DEC_BOILER_GAS	0.001356	0.000009	20.000000	0.000000	0.000072	Infinity	0.000000	-1.000000	1.000000	0.000554	1.000000	0.058246	
TS_DEC_BOILER_WOOD	0.001341	0.000009	20.000000	0.000000	0.000071	Infinity	0.000000	-1.000000	1.000000	0.000522	1.000000	0.058246	
TS_DEC_BOILER_OIL	0.001338	0.000009	20.000000	0.000000	0.000071	Infinity	0.000000	-1.000000	1.000000	0.000479	1.000000	0.058246	
TS_DHN_DAILY	0.002958	0.000008	40.000000	0.000000	0.000986	Infinity	0.000000	-1.000000	1.000000	0.001060	1.000000	0.033427	
TS_DHN_SEASONAL	482.761736	2.627338	25.000000	0.000000	928.387954	Infinity	0.000000	-1.000000	1.000000	0.001606	1.000000	0.048263	
TS_HIGH_TEMP	1821.403229	19.494148	25.000000	0.000000	64.980493	Infinity	0.000000	-1.000000	1.000000	0.014431	1.000000	0.048263	
GAS_STORAGE	1259.874307	33.008707	50.000000	0.000000	25197.486138	Infinity	0.000000	-1.000000	1.000000	0.000084	1.000000	0.028572	
H2_STORAGE	0.009005	0.000567	20.000000	0.000000	0.001455	Infinity	0.000000	-1.000000	1.000000	0.000051	1.000000	0.058246	
DIESEL_STORAGE	0.009771	0.000391	20.000000	0.000000	0.977103	Infinity	0.000000	-1.000000	1.000000	0.000056	1.000000	0.058246	
GASOLINE_STORAGE	0.009741	0.000390	20.000000	0.000000	0.974103	Infinity	0.000000	-1.000000	1.000000	0.000000	1.000000	0.058246	
LFO_STORAGE	0.009738	0.000390	20.000000	0.000000	0.973792	Infinity	0.000000	-1.000000	1.000000	0.000000	1.000000	0.058246	
AMMONIA_STORAGE	0.009728	0.000389	20.000000	0.000000	0.972793	Infinity	0.000000	-1.000000	1.000000	0.000047	1.000000	0.058246	
METHANOL_STORAGE	0.009732	0.000389	20.000000	0.000000	0.973245	Infinity	0.000000	-1.000000	1.000000	0.000024	1.000000	0.058246	
CO2_STORAGE	0.022499	0.000225	30.000000	0.000000	0.000455	Infinity	0.000000	-1.000000	1.000000	0.000017	1.000000	0.041639	
EFFICIENCY	5517.241379	0.000000	1.000000	0.000000	0.985222	Infinity	0.000000	-1.000000	1.000000	0.000000	1.000000	1.015000	
DHN	6210.327783	0.000000	60.000000	0.000000	7.519649	Infinity	0.000000	-1.000000	1.000000	0.000000	1.000000	0.025393	
GRID	102568.423699	0.000000	80.000000	0.000000	1.369056	Infinity	0.000000	-1.000000	1.000000	0.000000	1.000000	0.021548	
H2_ELECTROLYSIS	0.000719	0.000020	15.000000	0.000000	0.000001	Infinity	0.000000	-1.000000	1.000000	0.001184	0.900000	0.074944	
SMR	0.000330	0.000030	25.000000	0.000000	0.000001	Infinity	0.000000	-1.000000	1.000000	0.000660	0.860000	0.048263	
H2_BIOMASS	0.000379	0.000027	25.000000	0.000000	0.000000	Infinity	0.000000	-1.000000	1.000000	0.000227	0.860000	0.048263	
GASIFICATION_SNG	0.000468	0.000033	25.000000	0.000000	0.000000	Infinity	0.000000	-1.000000	1.000000	0.000616	0.850000	0.048263	
SYN_METHANATION	0.000162	0.000041	40.000000	0.000000	0.000001	Infinity	0.000000	-1.000000	1.000000	0.002742	1.000000	0.033427	
BIOMETHANATION	0.000641	0.000009	20.000000	0.000000	0.000001	Infinity	0.000000	-1.000000	1.000000	0.000982	0.850000	0.058246	
BIO_HYDROLYSIS	1179.650782	80.429898	15.000000	0.000000	0.801007	Infinity	0.000000	-1.000000	1.000000	0.850000	0.850000	0.074944	
PYROLYSIS_TO_LFO	0.000670	0.000030	25.000000	0.000000	0.000001	Infinity	0.000000	-1.000000	1.000000	0.003141	0.850000	0.048263	
PYROLYSIS_TO_FUELS	0.000521	0.000015	25.000000	0.000000	0.000001	Infinity	0.000000	-1.000000	1.000000	0.000264	0.850000	0.048263	
ATM_CCS	0.000769	0.000019	40.000000	0.000000	0.000000	Infinity	0.000000	-1.000000	1.000000	0.000177	1.000000	0.033427	
INDUSTRY_CCS	0.000839	0.000021	40.000000	0.000000	0.000000	Infinity	0.000000	-1.000000	1.000000	0.000672	1.000000	0.033427	
AMMONIA_TO_H2	0.000372	0.000034	25.000000	0.000000	0.000001	Infinity	0.000000	-1.000000	1.000000	0.001520	0.860000	0.048263	